14529
14530
14531
14532
14533
14534
14535
14536
14539
14540
14541
14542
14543
14546
14547
14548
14549
14550
14551
14552
14553
14554
14555
14556
14557
14558
14559
14560
14561
14562
14564
14565
14566
14567
14568
14569
14570
14571
14572
14573
14574
14575
14576
14577
14579
14580
14582
14588
14589
14590
14591
14592
14593
14594
14595
14596
14597
14602
14603
14604
14605
14606
14608
14609
14610
14611
14612
14613
14614
14615
14616
14617
14618
14619
14620
14621
14622
14623
14624
14625
14626
14627
14628
14629
14631
14632
14633
14635
14636
14637
14638
14639
14640
14641
14642
14644
14646
14647
14649
14655
14656
14657
14658
14660
14661
14662
14663
14664
14665
14666
14667
14668
14669
14670
14671
14672
14674
14675
14676
14677
14678
14679
14681
14682
14683
14684
14685
14686
14687
14688
14689
14690
14691
14692
14693
14694
14695
14696
14697
14698
14699
14700
14701
14702
14703
14704
14705
14706
14707
14708
14709
14710
14711
14712
14713
14714
14716
14717
14718
14719
14720
14721
14722
14727
14728
14729
14730
14731
14732
14733
14734
14735
14736
14737
14738
14739
14740
14741
14742
14743
14744
14745
14746
14747
14748
14749
14750
14751
14752
14753
14754
14756
14765
14767
14768
14769
14771
14772
14773
14775
14776
14777
14787
14788
14790
14791
14792
14793
14794
14795
14796
14797
14798
14799
14800
14801
14802
14803
14804
14805
14808
14809
14810
14811
14812
14813
14814
14815
14816
14817
14818
14819
14820
14821
14822
14823
14824
14825
14826
14827
14828
14829
14830
14835
14836
14838
14839
14840
14841
14842
14843
14844
14845
14846
14847
14848
14849
14850
14851
14852
14853
14854
14855
14856
14857
14858
14859
14860
14861
14862
14863
14864
14865
14866
14867
14868
14869
14870
14872
14873
14874
14875
14876
14877
14878
14879
14883
14884
14885
14886
14887
14888
14890
14891
14894
14895
14896
14897
14898
14899
14900
14901
14902
14903
14904
14905
14906
14907
14908
14909
14910
14911
14912
14913
14914
14915
14916
14917
14920
14921
14922
14923
