14270
14271
14272
14273
14274
14275
14276
14277
14278
14279
14280
14281
14282
14285
14287
14288
14289
14290
14291
14292
14293
14294
14295
14296
14297
14299
14300
14301
14302
14303
14304
14305
14306
14307
14308
14309
14310
14314
14315
14321
14325
14326
14327
14328
14329
14330
14331
14332
14333
14334
14336
14338
14340
14341
14342
14343
14344
14345
14350
14351
14355
14356
14358
14360
14361
14362
14363
14364
14367
14368
14369
14370
14373
14374
14375
14376
14379
14381
14382
14383
14384
14385
14386
14387
14390
14395
14396
14397
14400
14401
14402
14403
14404
14405
14407
14408
14409
14410
14412
14414
14961
14962
14963
14965
14968
14973
14974
14975
14976
14977
14978
14985
14986
14987
14988
14989
14990
14992
14993
14994
14995
14996
14997
14998
14999
15000
15001
15002
15003
15004
15005
15006
15007
15008
15009
15011
15012
15013
15014
15015
15016
15017
15018
15019
15020
15021
15022
15023
15024
15025
15026
15028
15029
15030
15031
15032
15033
15034
15035
15036
15038
15039
15040
15044
15045
15046
15047
15048
15049
15050
15051
15052
15053
15054
15055
15056
15058
15059
15060
15061
15063
15064
15065
15066
15067
15068
15069
15070
15071
15072
15073
15075
15076
15077
15090
15091
15092
15093
15094
15095
15096
15097
15098
15099
15100
15106
15107
15108
15109
